1. 789072680128
2. 065230765964
3. 353097997470
4. 949876935366
5. 196492272858
6. 913150946581
7. 254420412088
8. 373020789273
9. 449578312271
10. 181942255648
11. 935554589568
12. 217166987477
13. 682920347497
14. 605953583758
15. 586984840179
16. 955893342727
17. 691955416934
18. 381959268668
19. 824912134637
20. 159949440037
21. 826586585872
22. 425799393569
23. 083988554901
24. 514350236790
25. 296495485529
26. 187215884081
27. 487576786030
28. 923414373421
29. 731699750400
30. 587464304841
31. 248846493477
32. 587230960139
33. 502574137655
34. 096153998992
35. 839104130704
36. 113039183301
37. 701237817219
38. 307443953887
39. 287877977571
40. 415496052754
41. 181223757498
42. 111119851642
43. 280158750915
44. 337101278948
45. 531089790533
46. 479348218696
47. 305808281828
48. 025134300297
49. 789551723311
50. 465461179487
51. 934959877202
52. 522526286400
53. 001135797896
54. 515386997477
55. 285094481667
56. 417718769736
57. 908013999745
58. 119369758101
59. 004212074058
60. 229707240453
61. 776468364345
62. 349134921762
63. 564962314206
64. 187738840358
65. 402278596358
66. 867804758638
67. 270021354380
68. 041316570118
69. 300820521717
70. 271411304495
71. 300877404107
72. 193395079559
73. 644449731865
74. 316026408515
75. 410400854911
76. 612581058738
77. 229593651709
78. 188172964016
79. 495426278113
80. 086155819278
81. 760728322050
82. 866917170839
83. 705125141196
84. 917381227491
85. 446872938361
86. 982309055699
87. 156897811319
88. 368131897422
89. 948679256133
90. 142310758470
91. 993400727982
92. 048479827845
93. 538136239408
94. 948578167093
95. 711866597119
96. 917036711479
97. 416889918117
98. 251694685089
99. 446058096185
100. 812726133528
101. 424746750692
102. 856754988375
103. 644302701714
104. 541773582850
105. 627717875556
106. 245985080941
107. 928710607481
108. 016324044042
109. 825139021424
110. 352870771514
111. 288768817161
112. 947590689889
113. 494381172475
114. 495868780335
115. 306688180104
116. 122778747000
117. 467849619535
118. 732892055174
119. 112355147322
120. 742357314724
121. 700327261822
122. 389243717355
123. 655991912823
124. 021976923431
125. 193154832768
126. 771994759603
127. 841583821007
128. 553293575652
129. 970880838361
130. 027062958108
131. 588034426644
132. 552302174049
133. 864404392977
134. 853329309510
135. 412258106115
136. 814849811287
137. 792307029843
138. 207083847038
139. 681309870275
140. 549620869768
141. 325414414256
142. 810413025850
143. 184471622480
144. 724934754284
145. 349611124418
146. 705910682137
147. 439207722249
148. 462189130005
149. 125020644567
150. 466240380379
151. 187147522962
152. 020778322392
153. 704719134526
154. 540022039200
155. 180968569888
156. 262750329557
157. 546376181818
158. 814475518715
159. 189690147522
160. 226343854324
161. 643302525706
162. 545070116367
163. 155327676240
164. 662010300801
165. 879763210058
166. 700925404024
167. 006822747753
168. 457368432434
169. 996344341858
170. 743893772433
171. 114783376869
172. 820353037783
173. 537868041383
174. 010476480967
175. 291806883020
176. 579227557633
177. 285454676865
178. 496694064074
179. 511990308827
180. 330601119679
181. 279185317701
182. 554925347825
183. 655199392213
184. 762478634487
185. 647171326362
186. 435587207527
187. 779483977976
188. 995820406384
189. 783952866650
190. 643165584102
191. 126822632821
192. 704222767950
193. 683578897525
194. 723056417659
195. 607474760854
196. 533331843549
197. 908324922776
198. 479397632031
199. 380887010390
200. 505241780144
